1.694117924872999907e+09 0.000000000000000000e+00 0.000000000000000000e+00
1.694117929173000097e+09 9.497544946552737011e-02 6.935269742402389026e-01
1.694117929713999987e+09 3.337908735581249786e-01 1.378601856380646806e+00
1.694117930397000074e+09 4.962570201201011999e-01 2.003527060671341786e+00
1.694117930983000040e+09 7.797466950764302407e-01 2.640373853715721530e+00
1.694117931667999983e+09 1.012686381128624857e+00 3.241579773505587347e+00
1.694117932234999895e+09 1.381999549172381769e+00 3.846420024364774815e+00
1.694117932864000082e+09 1.780940888605886840e+00 4.388237301447242444e+00
1.694117933434000015e+09 2.349137902731907701e+00 4.808633322320821080e+00
1.694117934164000034e+09 2.794706373913427022e+00 5.246300167636937850e+00
1.694117934713999987e+09 3.326576196689515541e+00 5.730925509883297408e+00
1.694117935434000015e+09 3.792257189977705334e+00 6.153586803705762165e+00
1.694117935953999996e+09 4.378482430745636478e+00 6.605203046057395611e+00
1.694117936609999895e+09 4.880117900211488724e+00 7.032343199641975851e+00
1.694117937138000011e+09 5.551740871629482044e+00 7.329399787300343583e+00
1.694117937341000080e+09 6.648061835836108990e+00 7.777555760646643890e+00
1.694117937821000099e+09 7.397262496765523387e+00 7.956302522494955731e+00
1.694117938342000008e+09 8.134319240270123430e+00 7.898739241433522906e+00
1.694117938543999910e+09 9.307197469875807982e+00 7.714173629921845965e+00
1.694117939046000004e+09 1.001294105686447544e+01 7.451154749504042663e+00
1.694117939648999929e+09 1.047584600614820971e+01 6.943257679257417436e+00
1.694117940234999895e+09 1.088272659328575109e+01 6.377229039144258316e+00
1.694117940825000048e+09 1.106567881900648587e+01 5.707024438545944989e+00
1.694117941516000032e+09 1.119188305919464987e+01 5.077602233971862056e+00
1.694117941723000050e+09 1.130496467057275289e+01 3.910182239965936724e+00
1.694117942130000114e+09 1.127689795951344998e+01 3.074197383863860544e+00
1.694117942798000097e+09 1.114234673463667669e+01 2.435303922120042319e+00
1.694117943322000027e+09 1.073708493075782933e+01 1.819511871884217147e+00
1.694117944015000105e+09 1.022869579688508068e+01 1.429062145110966409e+00
1.694117944589999914e+09 9.558765789330159635e+00 1.213585309830101711e+00
1.694117945273000002e+09 8.914352884295535517e+00 1.254313280087435034e+00
1.694117945854000092e+09 8.321861863344675925e+00 1.627242969749790102e+00
1.694117946536000013e+09 7.890819760298357188e+00 2.108637604844098234e+00
1.694117947390000105e+09 7.470278093173927658e+00 2.504350219090880181e+00
1.694117948161999941e+09 6.901571131857815011e+00 2.717502186456970836e+00
1.694117948823999882e+09 6.252488005327798248e+00 2.811542751829440245e+00
1.694117949447000027e+09 5.588029243373816790e+00 2.686743819919970466e+00
1.694117950042000055e+09 5.037626542663497631e+00 2.267641512370101253e+00
1.694117950578000069e+09 4.801831103839672821e+00 1.577952459012788911e+00
1.694117950780999899e+09 4.503081916365577975e+00 4.318667920626915180e-01
1.694117951292999983e+09 4.385210352605239059e+00 -3.045298927916667564e-01
1.694117951897000074e+09 4.376250548233096005e+00 -9.910998403804643919e-01
1.694117952489000082e+09 4.270086648993022926e+00 -1.676478852446459555e+00
1.694117953217999935e+09 4.173923298478400490e+00 -2.294031468847099742e+00
1.694117953755000114e+09 3.889107669383290666e+00 -2.964226370508336927e+00
1.694117954934999943e+09 3.398928741631062955e+00 -2.996591174962089710e+00
1.694117955681999922e+09 2.781516914504183369e+00 -2.999551371802614330e+00
